th_rot/π: 0.0681
β: 0.010000000000000002
K: 70
n_qs: 2000001
q_scl: 1.7724538509055159
q_range_max: 40
n_bins: 300
