th_rot_range/π: 0.38011999999999996,0.38248
Δ: 0.03162277660168379
K: 200
q_scl: 1.7724538509055159
q_dens: 1000
n_bins: 300
zr_thr: 0, prc: 0.95
