th_rot/π: 0.25
β: 0.04000000000000001
K: 200
q_scl: 1.7724538509055159
q_dens: 100000
n_bins: 1000
